	Patient1-fresh	Patient1-frozen	Patient2-fresh	Patient2-frozen	Patient3-fresh	Patient3-frozen
Patient1-fresh	0.0	0.1711	0.7654	0.7365	0.7362	0.7385
Patient1-frozen	0.1711	0.0	0.7356	0.6988	0.7072	0.7181
Patient2-fresh	0.7654	0.7356	0.0	0.1616	0.6618	0.7286
Patient2-frozen	0.7365	0.6988	0.1616	0.0	0.6072	0.7111
Patient3-fresh	0.7362	0.7072	0.6618	0.6072	0.0	0.351
Patient3-frozen	0.7385	0.7181	0.7286	0.7111	0.351	0.0
