Region	SampleID	Unassigned; p__unassigned; c__unassigned; o__unassigned; f__unassigned	k__Bacteria; p__Actinobacteria; c__Actinobacteria; o__Actinomycetales; f__Actinomycetaceae	k__Bacteria; p__Actinobacteria; c__Actinobacteria; o__Bifidobacteriales; f__Bifidobacteriaceae	k__Bacteria; p__Actinobacteria; c__Actinobacteria; o__Propionibacteriales; f__Propionibacteriaceae	k__Bacteria; p__Bacteroidetes; c__Bacteroidia; o__Bacteroidales; f__Bacteroidaceae	k__Bacteria; p__Bacteroidetes; c__Bacteroidia; o__Bacteroidales; f__Porphyromonadaceae	k__Bacteria; p__DeinococcusThermus; c__Deinococci; o__Deinococcales; f__Deinococcaceae	k__Bacteria; p__Firmicutes; c__Bacilli; o__Bacillales; f__Bacillaceae	k__Bacteria; p__Firmicutes; c__Bacilli; o__Bacillales; f__Staphylococcaceae	k__Bacteria; p__Firmicutes; c__Bacilli; o__Lactobacillales; f__Enterococcaceae	k__Bacteria; p__Firmicutes; c__Bacilli; o__Lactobacillales; f__Lactobacillaceae	k__Bacteria; p__Firmicutes; c__Bacilli; o__Lactobacillales; f__Streptococcaceae	k__Bacteria; p__Firmicutes; c__Clostridia; o__Clostridiales; f__Clostridiaceae_1	k__Bacteria; p__Proteobacteria; c__Alphaproteobacteria; o__Rhodobacterales; f__Rhodobacteraceae	k__Bacteria; p__Proteobacteria; c__Betaproteobacteria; o__Neisseriales; f__Neisseriaceae	k__Bacteria; p__Proteobacteria; c__Epsilonproteobacteria; o__Campylobacterales; f__Helicobacteraceae	k__Bacteria; p__Proteobacteria; c__Gammaproteobacteria; o__Enterobacteriales; f__Enterobacteriaceae	k__Bacteria; p__Proteobacteria; c__Gammaproteobacteria; o__Pseudomonadales; f__Moraxellaceae	k__Bacteria; p__Proteobacteria; c__Gammaproteobacteria; o__Pseudomonadales; f__Pseudomonadaceae
v2	atcc1	0.0891756209265457	1.923330984675	5.34062885326757	1.24295402501321	10.7043773119605	3.54940989959486	11.8295314426634	5.07970759203805	6.76083318654219	1.66020785626211	4.77364805354941	4.67126122952264	9.15426281486701	3.78280782103224	5.2613616346662	4.48520345252774	7.69662673947507	6.60890435088955	5.38576713052669
v2	atcc2	0.0499297862381027	1.94622145940604	5.36433140895616	1.22119935507359	11.8104748530712	3.89972434597181	10.1763145576533	5.84802621313777	7.04114006345244	2.1209757112394	4.23258958755916	4.80366151765746	9.53658917147761	3.54605502678525	5.06683309928746	4.85775211941541	7.09106984969054	6.24330368752275	5.14380818640454
v2	atcc3	1.35653549535298	1.44354360292664	5.27585525014831	1.34862566739173	15.8196559224837	2.49159580779118	8.88273680047459	5.12952343286534	6.45046470239272	1.96163733438798	4.71030255091952	1.34071583943049	9.60648605892822	3.22720980818667	5.28376507810955	7.03579197152462	7.74767648803639	5.98378485267945	4.90409333596994
v2	atcc4	3.8105119196397	1.6623829847438	5.59786837699545	1.43365794996345	12.5539390223773	1.83451625834139	8.41566648588743	5.26303378999741	6.3901530335542	2.12926501450164	4.29625786979179	1.37942417882997	10.5567214506355	4.10997665589851	5.14749227758259	5.76764366054375	7.78608314272914	6.34299323256856	5.52241269541843
v2	atcc5	0.959262052154394	1.79225926380583	5.26278869929677	1.52570015607737	14.6554898900444	2.497237956614	10.1134629886186	4.68933588201252	6.52894446100696	1.9658734194974	4.24214790523122	1.61864510811427	9.77149571225646	4.06678007119934	4.95063395472003	6.35883766199604	7.97923644845063	5.98004314048717	5.0418252284166
v3	atcc1	0.854542871763802	0.299338169980951	0.497698912695601	0.330144842706263	8.62860673399636	5.85720422599091	0	9.87405205300801	10.8365894274922	3.26139975251973	7.34722029680518	11.4830161101784	13.6415369791319	3.99100445156421	3.65846353431264	2.28311674530926	6.15654239597186	5.21830806330429	5.78121443326847
v3	atcc2	0.784454890337601	0.294287457370393	0.520554541353348	0.326077047682048	9.15516826276901	5.56130832863891	0	10.0747289119311	10.4541002727827	3.4386519343732	6.99908604927854	11.2806296208858	13.4032860151515	4.23175546325147	3.59689864496871	2.23018000855514	6.41705605019015	5.45191473844881	5.77986176203154
v3	atcc3	0.855269409864107	0.337356267224176	0.479901168868194	0.247077829516298	7.4455953625392	5.85859545756913	0	10.7098736101872	11.4035921315214	3.37356267224176	7.33631093794545	11.9310082676043	10.229972441319	4.04352370996864	4.57569134277297	2.19994298203934	6.80889480186259	7.1700085526941	4.99382305426209
v3	atcc4	0.774910000610165	0.204405393861737	0.29593019708341	0.203388451603718	7.57316899546444	5.67962251103382	0	10.1694225801859	10.8975532369272	3.47692558016556	7.0077491000061	12.4829662171782	12.1575446946122	4.33624178819127	4.3820041898021	2.22710354506071	6.54402343034962	6.08538247198324	5.50165761588057
v3	atcc5	0.924237661112858	0.230535471025883	0.358377868594781	0.251493241119145	8.15466834328827	6.19930839358692	0	10.6339725453212	10.57529078906	3.51252226763072	7.34569841768836	11.6860526040029	10.6926543015823	3.90024101435607	4.41999371266897	2.24876873100702	6.65409200461071	6.36906633134234	5.84302630200147
v4	atcc1	0.0109165198134835	1.75522043572509	4.02039829702291	0.240943187311885	12.5298254916333	8.25444848182399	2.04216895653666	8.2178001653073	10.0213651887778	1.72792913619138	5.96119956957722	10.4790792695289	10.0174664317016	3.04882803362288	5.20873945386211	3.15019571760523	4.46797560937573	6.16393493754191	2.68156511704069
v4	atcc2	0.017449781542158	1.84028080725374	3.60405103389956	0.227518305491983	12.0376646823133	7.92622769280331	1.92954315129632	8.70341411687327	10.4094658353412	1.89799931543165	6.32823039080799	10.1141618400124	11.1134974060229	2.95773797139578	4.85707957771529	3.50941952630555	4.28325022315586	5.7483607272532	2.49464761508467
v4	atcc3	0	1.04191193783847	5.37438191664705	0.0941841299740994	13.7567694843419	7.94678596656463	1.1596421003061	5.60395573345891	9.35366140805274	1.60113020955969	5.72757240404992	10.2601836590534	7.81139627972687	4.385448551919	7.19919943489522	3.0374381916647	4.79161761243231	7.94678596656463	2.90793501295032
v4	atcc4	1.69881352706047	1.55764228158112	3.91948480426369	0.123723114015608	11.5633525791511	7.18387158175243	0.929509548886492	6.34160269018463	11.6537656240086	1.91770826724193	5.51678193008058	10.3546729268447	8.66854894993972	4.41279106655669	6.61442801852674	2.19687837066176	5.23126705158302	7.14897531882495	2.96618234883573
v4	atcc5	1.22645641699518	1.33596145422689	4.15900131406045	0.1598773543583	12.4989049496277	7.5317564607972	1.29872974156811	5.99868593955322	11.3622426631625	1.75865089794131	5.32851511169514	10.1423565484012	8.88961892247043	4.32106876916338	6.37757336837495	2.58650897941305	5.05694261936049	7.06964520367937	2.89750328515112
v67	atcc1	0.488758047966007	1.16516196733514	3.72526163158861	2.34195487711263	15.1008402709751	9.20007547189318	3.33316963858785	7.6366183422547	5.83382226369156	1.6554708076268	7.31534586545843	5.72035595853181	20.2753173308796	2.47558148250577	0	3.62239240732077	8.16647238685031	0.144223686285051	1.79917756313663
v67	atcc2	0.452681864018785	1.1604113148384	3.77455707103793	2.22586984844358	14.203537543152	8.54133390255931	3.31157025401709	7.82624377102394	5.8995855936757	1.5678249924553	6.95841951463671	5.75347608146801	22.0220525994244	2.51293639635794	0	4.0818654909206	7.93076543718763	0.193585902824293	1.58328242195838
v67	atcc3	3.47497522299306	0.89816650148662	2.61397423191278	2.06268582755203	21.0170961347869	9.08696729435084	2.88032705649158	5.94028741328048	5.89692765113974	1.3689296333003	5.63057482656095	4.22447968285431	18.7004459861249	2.83696729435084	0	2.1494053518335	8.99405351833498	0.0867195242814668	2.13701684836472
v67	atcc4	0.219046804141354	0.742705570291777	2.16650979721058	1.29032258064516	20.6109352271755	7.96440489432703	3.89492598613844	7.13955677248225	6.96158124411739	1.74895182681612	5.58227089928981	5.78933858132968	20.0034226063147	3.49276974416018	0	1.41182510481732	8.33746898263027	0.0342260631470865	2.60973731496535
v67	atcc5	0.857572987795043	0.865637937523523	2.90069358567665	1.94902951771601	21.9178450454325	9.35265336846067	3.04317436421313	6.38206355180386	5.16425614280338	1.3307167051992	5.1965159417173	4.28786493897521	21.6140652723265	3.02973278133233	0	2.13452336147105	8.01387171353299	0.0833378138609603	1.87644497015969
v8	atcc1	0.0576948681154489	1.44902880305339	5.84863233575455	5.31458496678847	0	0.0155332337233901	5.98103466130154	1.90614968119887	3.66658283651641	4.36483867627262	0	20.24128289717	0.223382694498277	12.0545290471471	7.92490791011435	0.787756853114783	12.2276136514934	10.6950012574523	7.24144562628519
v8	atcc2	0.0359985086332138	1.47015337936	5.86325709363469	5.56948354996722	0	0.0057854746017665	5.59776809246474	1.98120363584937	3.74063074529769	4.41303146012522	0.0102852881809182	19.4700505264782	0.223705017934971	11.7541558992556	8.27322868052609	0.66211542664661	12.3642020544863	11.1582520152737	7.40669315128373
v8	atcc3	0.0420875420875421	1.64141414141414	5.99747474747475	7.03563411896745	0	0	6.6638608305275	0.820707070707071	1.69051627384961	3.75982042648709	0	17.2909652076319	0.0841750841750842	13.1102693602694	9.79236812570146	0.364758698092031	13.2716049382716	10.5569584736251	7.87738496071829
v8	atcc4	1.42256493776278	1.59872368005584	5.75673474814286	6.12068535722002	0	0	6.477988466588	0.668073720771775	1.06193807854021	3.27223173183986	0	15.3008824555864	0.829275588719193	14.7773918534891	9.98454456317618	0.314094361258372	13.4528775364366	11.157828261845	7.8041646585678
v8	atcc5	0.947938609690039	1.55883238037918	5.79596749924767	6.16310562744508	0	0	6.84321396328619	0.671080349082155	1.40535660547698	3.58712007222389	0	16.6355702678303	1.36322600060187	12.7234426722841	9.38007824255191	0.409268733072525	13.8007824255191	10.9298826361721	7.78513391513692
v9	atcc1	0.221685580535676	0	0	0	0	0	0	0	0.00990158920506741	0	0	0	0	0	0	0	53.9653114324849	45.8031013977743	0
v9	atcc2	0.331948972149035	0	0	0	0	0	0	0	0	0	0	0	0	0	0	0	57.0513106774438	42.6167403504071	0
v9	atcc3	0	0	0	0	0	0	0	0	0	0	0	0	0	0	0	0	51.7734855136084	48.2265144863916	0
v9	atcc4	0.021225413895571	0	0	0	0	0	0	0	0	0	0	0	0	0	0	0	51.9621715956795	48.016602990425	0
v9	atcc5	0.0566294170945334	0	0	0	0	0	0	0	0	0	0	0	0	0	0	0	53.881002718212	46.0623678646934	0
